	-----------------------------------------------------------------	
	Trajectory	0

BackScattered	Transmitted	Detected	Displayed	Nb Collisions	Max Depth	Mean Free Path	Mean dE/dS	Mean Phi	Mean Theta	Mean Position
no	no	no	yes	16	71.5921	0	-0.00455473	2.82082	0.0788551	(112.249,17.9801,45.4233)	

X	Y	Z	Rx	Ry	Rz	Energy	Region
-0.138317	-1.7971	0	0.939693	0	0.34202	10	Al
62.69	-1.7971	22.8677	0.939693	0	0.34202	9.70755	Al
65.8108	-1.7971	24.0035	0.917115	-0.0218849	0.537518	9.69269	Al
70.6726	-1.91311	26.853	0.907447	0.0634987	0.429012	9.66894	Al
89.5613	-0.591377	35.783	0.907447	0.0634987	0.429012	9.5755	Al
93.0145	-0.349738	37.4156	0.907447	0.0634987	0.429012	9.55829	Al
94.9691	-0.212965	38.3396	0.907447	0.0634987	0.429012	9.54854	Al
95.8192	-0.15348	38.7415	0.907447	0.0634987	0.429012	9.54429	Al
99.8076	0.125613	40.6271	0.907447	0.0634987	0.429012	9.52437	Al
101.543	0.247029	41.4475	0.907447	0.0634987	0.429012	9.51568	Al
103.173	0.361099	42.2181	0.907447	0.0634987	0.429012	9.50752	Al
103.392	0.376447	42.3218	0.684783	0.651735	0.303901	9.50642	Al
143.196	38.2589	59.9862	0.684783	0.651735	0.303901	9.2421	Al
157.455	51.8305	66.3146	0.665097	0.747777	0.170643	9.14533	Al
161.743	56.6513	67.4147	0.665097	0.747777	0.170643	9.11513	Al
175.118	71.6883	70.8461	0.665097	0.747777	0.170643	9.0207	Al
178.025	74.9574	71.5921	0.665097	0.747777	0.170643	9	Al
-----------------------------------------------------------------	-----------------------------------------------------------------	
	Trajectory	1

BackScattered	Transmitted	Detected	Displayed	Nb Collisions	Max Depth	Mean Free Path	Mean dE/dS	Mean Phi	Mean Theta	Mean Position
no	no	no	yes	23	70.4448	0	-0.00458122	3.55481	0.0876557	(108.868,43.0007,43.5946)	

X	Y	Z	Rx	Ry	Rz	Energy	Region
-1.222	-0.340918	0	0.939693	0	0.34202	10	Al
26.3574	-0.340918	10.0381	0.939693	0	0.34202	9.87162	Al
35.6594	-0.340918	13.4237	0.92671	0.124492	0.234604	9.82789	Al
53.5854	2.06723	17.9618	0.879078	0.28489	0.303797	9.74215	Al
68.3918	6.86567	23.0787	0.879078	0.28489	0.303797	9.66698	Al
86.519	12.7403	29.3432	0.879078	0.28489	0.303797	9.5744	Al
100.855	17.3863	34.2976	0.604048	0.738735	0.221497	9.50065	Al
102.571	19.4851	34.9269	0.604048	0.738735	0.221497	9.48772	Al
107.807	25.8884	36.8468	0.475789	0.762511	0.335475	9.44824	Al
108.871	27.5925	37.5966	0.475789	0.762511	0.335475	9.43803	Al
110.021	29.4363	38.4078	0.475789	0.762511	0.335475	9.42698	Al
110.095	29.5548	38.4599	0.475789	0.762511	0.335475	9.42626	Al
115.848	38.7754	42.5166	0.475789	0.762511	0.335475	9.37092	Al
120.722	46.5857	45.9529	0.335218	0.824708	0.35451	9.32382	Al
121.262	47.9144	46.524	0.433412	0.736293	0.421081	9.31638	Al
124.903	54.1008	50.0619	0.433412	0.736293	0.421081	9.27758	Al
125.215	54.6309	50.3651	0.433412	0.736293	0.421081	9.27424	Al
131.788	65.7962	56.7505	0.433412	0.736293	0.421081	9.20397	Al
132.469	66.9527	57.4119	0.433412	0.736293	0.421081	9.19664	Al
132.496	66.9999	57.4389	0.433412	0.736293	0.421081	9.19634	Al
145.883	89.7418	70.4448	0.260595	0.937939	-0.0264808	9.05227	Al
146.45	91.7807	70.3873	0.260595	0.937939	-0.0264808	9.04201	Al
147.425	95.2908	70.2882	0.260595	0.937939	-0.0264808	9.02433	Al
148.764	100.112	70.1521	0.260595	0.937939	-0.0264808	9	Al
-----------------------------------------------------------------	-----------------------------------------------------------------	
	Trajectory	2

BackScattered	Transmitted	Detected	Displayed	Nb Collisions	Max Depth	Mean Free Path	Mean dE/dS	Mean Phi	Mean Theta	Mean Position
no	no	no	yes	26	136.38	0	-0.00452327	3.15341	0.0698652	(89.0138,8.39613,54.4594)	

X	Y	Z	Rx	Ry	Rz	Energy	Region
1.19009	-3.79647	0	0.939693	0	0.34202	10	Al
20.2935	-3.79647	6.95307	0.916346	0.220408	0.354379	9.91108	Al
21.6808	-3.46279	7.48957	0.916346	0.220408	0.354379	9.90441	Al
23.0066	-3.14389	8.00232	0.916346	0.220408	0.354379	9.89803	Al
25.5574	-2.53036	8.98877	0.916346	0.220408	0.354379	9.88576	Al
26.5848	-2.28324	9.3861	0.916346	0.220408	0.354379	9.88082	Al
28.333	-1.86274	10.0622	0.916346	0.220408	0.354379	9.87239	Al
30.9173	-1.24114	11.0616	0.916346	0.220408	0.354379	9.85993	Al
41.207	1.23384	15.041	0.916346	0.220408	0.354379	9.81028	Al
41.3985	1.27989	15.115	0.847044	0.0912912	0.586962	9.80935	Al
55.4345	2.79264	24.8413	0.847044	0.0912912	0.586962	9.73579	Al
73.0404	4.69014	37.0414	0.847044	0.0912912	0.586962	9.64299	Al
73.3595	4.72452	37.2625	0.847044	0.0912912	0.586962	9.64129	Al
74.1538	4.81013	37.8129	0.847044	0.0912912	0.586962	9.63707	Al
87.4673	6.24501	47.0386	0.819032	0.220565	0.625574	9.56634	Al
95.273	8.34708	53.0005	0.733239	0.38987	0.67976	9.52321	Al
104.395	13.1974	61.4572	0.733239	0.38987	0.67976	9.46671	Al
111.126	16.7763	67.6973	0.733239	0.38987	0.67976	9.42484	Al
111.786	17.1273	68.3093	0.805251	0.0384652	0.727489	9.42071	Al
122.233	17.6263	77.7476	0.805251	0.0384652	0.727489	9.3613	Al
145.999	18.7616	99.2187	0.805251	0.0384652	0.727489	9.2255	Al
148.444	18.8784	101.427	0.805251	0.0384652	0.727489	9.21137	Al
154.77	19.1805	107.142	0.805251	0.0384652	0.727489	9.17478	Al
159.979	19.4293	111.848	0.805251	0.0384652	0.727489	9.14455	Al
174.879	20.1411	125.309	0.744855	0.132979	0.934871	9.05786	Al
178.864	20.8526	130.311	0.770129	-0.0473535	0.879959	9.03261	Al
184.175	20.526	136.38	0.770129	-0.0473535	0.879959	9	Al
-----------------------------------------------------------------	-----------------------------------------------------------------	
	Trajectory	3

BackScattered	Transmitted	Detected	Displayed	Nb Collisions	Max Depth	Mean Free Path	Mean dE/dS	Mean Phi	Mean Theta	Mean Position
no	no	no	yes	25	62.9144	0	-0.00452862	3.14586	0.108392	(86.0838,35.3657,38.1089)	

X	Y	Z	Rx	Ry	Rz	Energy	Region
1.29486	4.12236	0	0.939693	0	0.34202	10	Al
1.8009	4.12236	0.184185	0.925968	0.0799221	0.195727	9.99764	Al
5.69191	4.4582	1.00665	0.925968	0.0799221	0.195727	9.97926	Al
14.3288	5.20366	2.83228	0.925968	0.0799221	0.195727	9.9384	Al
16.7811	5.41533	3.35064	0.925968	0.0799221	0.195727	9.92676	Al
24.4526	6.07747	4.97221	0.898175	0.183767	0.290029	9.89031	Al
29.0457	7.01722	6.45536	0.855736	0.150895	0.448205	9.86776	Al
39.2412	8.81503	11.7954	0.855736	0.150895	0.448205	9.81511	Al
48.3977	10.4296	16.5913	0.855736	0.150895	0.448205	9.76763	Al
59.1545	12.3264	22.2253	0.855736	0.150895	0.448205	9.71164	Al
62.7419	12.959	24.1043	0.766058	0.277408	0.622308	9.69289	Al
86.0541	21.4009	43.042	0.766058	0.277408	0.622308	9.55655	Al
91.1421	23.2434	47.1752	0.766058	0.277408	0.622308	9.52646	Al
102.332	27.2955	56.2652	0.766058	0.277408	0.622308	9.46015	Al
104.37	28.0335	57.9208	0.544312	0.734643	0.344527	9.448	Al
104.432	28.1171	57.96	0.544312	0.734643	0.344527	9.44748	Al
104.694	28.4712	58.1261	0.587114	0.787076	0.186294	9.44528	Al
111.452	37.5302	60.2702	0.624791	0.698785	0.277002	9.39268	Al
117.416	44.2004	62.9144	0.673968	0.789424	-0.094913	9.34887	Al
121.353	48.8129	62.3598	0.673968	0.789424	-0.094913	9.32196	Al
136.979	67.1153	60.1593	0.673968	0.789424	-0.094913	9.21493	Al
147.218	79.1086	58.7174	0.517236	0.874045	-0.0047464	9.14418	Al
147.747	80.0025	58.7125	0.517236	0.874045	-0.0047464	9.13938	Al
149.334	82.6837	58.6979	0.517236	0.874045	-0.0047464	9.12501	Al
162.761	105.373	58.5747	0.613699	0.82508	-0.394244	9.0032	Al
163.175	105.929	58.3089	0.613699	0.82508	-0.394244	9	Al
-----------------------------------------------------------------	-----------------------------------------------------------------	
	Trajectory	4

BackScattered	Transmitted	Detected	Displayed	Nb Collisions	Max Depth	Mean Free Path	Mean dE/dS	Mean Phi	Mean Theta	Mean Position
no	no	no	yes	21	70.5555	0	-0.00455379	3.18011	0.114395	(103.281,0.695468,36.1351)	

X	Y	Z	Rx	Ry	Rz	Energy	Region
-1.6543	-3.56011	0	0.939693	0	0.34202	10	Al
22.2996	-3.56011	8.7185	0.939693	0	0.34202	9.8885	Al
27.6472	-3.56011	10.6649	0.939693	0	0.34202	9.86339	Al
28.3157	-3.56011	10.9082	0.939693	0	0.34202	9.86025	Al
44.7205	-3.56011	16.8791	0.929009	-0.0976382	0.445589	9.78306	Al
53.5865	-4.49191	21.1315	0.833766	0.078187	0.0709042	9.7406	Al
55.4073	-4.32116	21.2864	0.833766	0.078187	0.0709042	9.73086	Al
66.2398	-3.30534	22.2076	0.833766	0.078187	0.0709042	9.67282	Al
66.4718	-3.28359	22.2273	0.792622	0.0686914	0.265787	9.67157	Al
81.5675	-1.97534	27.2893	0.792622	0.0686914	0.265787	9.5861	Al
113.004	0.749063	37.8308	0.792622	0.0686914	0.265787	9.40689	Al
118.916	1.2614	39.8132	0.792622	0.0686914	0.265787	9.3727	Al
119.584	1.31928	40.0371	0.792622	0.0686914	0.265787	9.36883	Al
121.661	1.49927	40.7336	0.792622	0.0686914	0.265787	9.35678	Al
137.666	2.8864	46.1008	0.792622	0.0686914	0.265787	9.26382	Al
138.886	2.99212	46.5098	0.792622	0.0686914	0.265787	9.25668	Al
145.779	3.58946	48.8211	0.792622	0.0686914	0.265787	9.21632	Al
146.824	3.68004	49.1716	0.792622	0.0686914	0.265787	9.21018	Al
169.22	5.62098	56.6817	0.757419	0.200984	0.365308	9.07854	Al
169.336	5.65167	56.7375	0.082965	0.243185	0.837244	9.07782	Al
170.108	7.91545	64.5313	0.21596	0.159005	0.838763	9.03396	Al
171.659	9.05748	70.5555	0.21596	0.159005	0.838763	9	Al
-----------------------------------------------------------------	-----------------------------------------------------------------	
	Trajectory	5

BackScattered	Transmitted	Detected	Displayed	Nb Collisions	Max Depth	Mean Free Path	Mean dE/dS	Mean Phi	Mean Theta	Mean Position
no	no	no	yes	18	75.4793	0	-0.0045157	3.29801	0	(97.2824,-1.46051,34.7549)	

X	Y	Z	Rx	Ry	Rz	Energy	Region
1.79416	-1.46051	0	0.939693	0	0.34202	10	Al
3.60365	-1.46051	0.658603	0.939693	0	0.34202	9.99158	Al
4.03989	-1.46051	0.817381	0.939693	0	0.34202	9.98955	Al
39.6075	-1.46051	13.7629	0.939693	0	0.34202	9.82385	Al
44.5345	-1.46051	15.5562	0.939693	0	0.34202	9.8006	Al
44.8832	-1.46051	15.6831	0.939693	0	0.34202	9.79896	Al
50.5571	-1.46051	17.7482	0.939693	0	0.34202	9.77213	Al
62.729	-1.46051	22.1785	0.939693	0	0.34202	9.71446	Al
63.7727	-1.46051	22.5583	0.939693	0	0.34202	9.70949	Al
73.1388	-1.46051	25.9673	0.939693	0	0.34202	9.66489	Al
86.6582	-1.46051	30.888	0.939693	0	0.34202	9.60029	Al
110.04	-1.46051	39.3982	0.939693	0	0.34202	9.48799	Al
118.824	-1.46051	42.5954	0.939693	0	0.34202	9.44542	Al
142.046	-1.46051	51.0475	0.939693	0	0.34202	9.33248	Al
154.313	-1.46051	55.5124	0.939693	0	0.34202	9.27227	Al
156.592	-1.46051	56.3416	0.939693	0	0.34202	9.26103	Al
190.787	-1.46051	68.7876	0.939693	0	0.34202	9.0922	Al
195.785	-1.46051	70.6069	0.939693	0	0.34202	9.06717	Al
209.172	-1.46051	75.4793	0.939693	0	0.34202	9	Al
-----------------------------------------------------------------	-----------------------------------------------------------------	
	Trajectory	6

BackScattered	Transmitted	Detected	Displayed	Nb Collisions	Max Depth	Mean Free Path	Mean dE/dS	Mean Phi	Mean Theta	Mean Position
no	no	no	yes	21	133.568	0	-0.00453706	3.58965	0.134746	(58.2265,51.8334,64.4256)	

X	Y	Z	Rx	Ry	Rz	Energy	Region
0.0681422	-1.74724	0	0.939693	0	0.34202	10	Al
4.19387	-1.74724	1.50164	0.924189	-0.159013	0.255318	9.9808	Al
5.51544	-1.97462	1.86674	0.884193	-0.168611	0.0949839	9.97453	Al
7.65822	-2.38324	2.09693	0.884193	-0.168611	0.0949839	9.96391	Al
21.4753	-5.01808	3.58122	0.508433	0.653057	0.604295	9.89537	Al
32.4981	9.14018	16.6823	0.467953	0.507648	0.753495	9.79977	Al
34.2523	11.0432	19.5069	0.467953	0.507648	0.753495	9.78311	Al
38.6097	15.7702	26.5232	0.316569	0.643597	0.725459	9.74169	Al
40.7631	20.1482	31.4581	0.316569	0.643597	0.725459	9.71133	Al
44.9655	28.6918	41.0883	0.316569	0.643597	0.725459	9.65195	Al
55.8198	50.7589	65.9623	0.316569	0.643597	0.725459	9.49783	Al
57.2484	53.6634	69.2361	0.316569	0.643597	0.725459	9.4773	Al
61.0319	61.3554	77.9065	0.581549	0.5879	0.589929	9.42282	Al
71.9261	72.3685	88.9577	0.581549	0.5879	0.589929	9.33705	Al
74.2966	74.765	91.3624	0.581549	0.5879	0.589929	9.31826	Al
82.3362	82.8924	99.5178	0.581549	0.5879	0.589929	9.25442	Al
90.1154	90.7565	107.409	0.581549	0.5879	0.589929	9.19232	Al
96.2132	96.9209	113.595	0.581549	0.5879	0.589929	9.1434	Al
97.7297	98.4539	115.133	0.250178	0.726876	0.661407	9.13118	Al
99.8423	104.592	120.718	0.250178	0.726876	0.661407	9.09158	Al
101.563	109.591	125.267	0.250178	0.726876	0.661407	9.05921	Al
104.703	118.713	133.568	0.250178	0.726876	0.661407	9	Al
-----------------------------------------------------------------	-----------------------------------------------------------------	
	Trajectory	7

BackScattered	Transmitted	Detected	Displayed	Nb Collisions	Max Depth	Mean Free Path	Mean dE/dS	Mean Phi	Mean Theta	Mean Position
no	no	no	yes	21	27.6229	0	-0.00455258	3.63059	0.0767192	(108.766,-4.80268,21.8173)	

X	Y	Z	Rx	Ry	Rz	Energy	Region
-0.850047	3.02092	0	0.939693	0	0.34202	10	Al
10.9469	3.02092	4.29373	0.939693	0	0.34202	9.94509	Al
32.8534	3.02092	12.2671	0.926573	-0.164597	0.313543	9.84269	Al
41.9128	1.41159	15.3327	0.926573	-0.164597	0.313543	9.79939	Al
43.659	1.10139	15.9236	0.926573	-0.164597	0.313543	9.79102	Al
52.1474	-0.406497	18.796	0.916976	0.0220798	0.193653	9.75029	Al
56.9226	-0.291516	19.8044	0.916976	0.0220798	0.193653	9.72707	Al
67.2296	-0.0433334	21.9811	0.911849	-0.0615357	0.0824518	9.67685	Al
86.3248	-1.33196	23.7078	0.911849	-0.0615357	0.0824518	9.58291	Al
87.7442	-1.42775	23.8361	0.911849	-0.0615357	0.0824518	9.57587	Al
94.1307	-1.85874	24.4136	0.896628	0.120809	-0.0192251	9.5442	Al
104.274	-0.492077	24.1961	0.896628	0.120809	-0.0192251	9.49291	Al
106.182	-0.23497	24.1552	0.896628	0.120809	-0.0192251	9.48322	Al
123.873	2.14868	23.7759	0.860099	-0.138574	0.1573	9.39333	Al
144.908	-1.24037	27.6229	0.758915	-0.331799	-0.0456317	9.28109	Al
160.664	-8.12854	26.6756	0.758915	-0.331799	-0.0456317	9.18493	Al
166.734	-10.7827	26.3106	0.758915	-0.331799	-0.0456317	9.14758	Al
170.389	-12.3804	26.0908	0.758915	-0.331799	-0.0456317	9.12503	Al
170.731	-12.5299	26.0703	0.758915	-0.331799	-0.0456317	9.12291	Al
183.251	-18.0037	25.3175	0.695066	-0.35018	-0.166495	9.04549	Al
189.263	-21.0328	23.8773	0.695066	-0.35018	-0.166495	9.00463	Al
189.941	-21.3745	23.7148	0.695066	-0.35018	-0.166495	9	Al
-----------------------------------------------------------------	-----------------------------------------------------------------	
	Trajectory	8

BackScattered	Transmitted	Detected	Displayed	Nb Collisions	Max Depth	Mean Free Path	Mean dE/dS	Mean Phi	Mean Theta	Mean Position
no	no	no	yes	16	75.1108	0	-0.00454421	3.49663	0.149002	(109.802,-12.3286,35.4332)	

X	Y	Z	Rx	Ry	Rz	Energy	Region
-0.440974	5.06521	0	0.939693	0	0.34202	10	Al
6.695	5.06521	2.59728	0.939693	0	0.34202	9.96678	Al
28.7344	5.06521	10.619	0.939693	0	0.34202	9.86393	Al
30.705	5.06521	11.3362	0.911351	-0.236126	0.274879	9.85466	Al
39.3008	2.8381	13.9288	0.852495	-0.313623	0.148029	9.81294	Al
49.1416	-0.782221	15.6376	0.852495	-0.313623	0.148029	9.76171	Al
64.6455	-6.48593	18.3298	0.852495	-0.313623	0.148029	9.68067	Al
69.4464	-8.25211	19.1634	0.908323	-0.207685	0.234561	9.65542	Al
111.217	-17.8029	29.9501	0.908323	-0.207685	0.234561	9.44877	Al
115.604	-18.8059	31.0829	0.908323	-0.207685	0.234561	9.42671	Al
130.86	-22.2941	35.0225	0.828859	-0.421203	0.198617	9.34984	Al
135.104	-24.4507	36.0394	1.01441	0.0319602	0.532009	9.32625	Al
183.599	-22.9228	61.4732	1.01441	0.0319602	0.532009	9.10564	Al
185.5	-22.8629	62.4697	1.0015	-0.0577069	0.6515	9.09684	Al
195.964	-23.4659	69.2771	1.0015	-0.0577069	0.6515	9.04769	Al
204.598	-23.9634	74.8939	0.760889	0.51711	0.147515	9.00697	Al
205.717	-23.2028	75.1108	0.760889	0.51711	0.147515	9	Al
-----------------------------------------------------------------	-----------------------------------------------------------------	
	Trajectory	9

BackScattered	Transmitted	Detected	Displayed	Nb Collisions	Max Depth	Mean Free Path	Mean dE/dS	Mean Phi	Mean Theta	Mean Position
yes	no	yes	yes	12	5.39699	0	-0.00445312	3.44013	0.159347	(39.9773,-25.0271,1.39184)	

X	Y	Z	Rx	Ry	Rz	Energy	Region
-3.88229	6.47553	0	0.939693	0	0.34202	10	Al
2.29204	6.47553	2.24727	0.939693	0	0.34202	9.97126	Al
8.58177	6.47553	4.53655	0.939693	0	0.34202	9.94192	Al
10.9458	6.47553	5.39699	0.62924	-0.693922	-0.0197328	9.93086	Al
27.7343	-12.0387	4.87051	0.62924	-0.693922	-0.0197328	9.81354	Al
28.7698	-13.1807	4.83803	0.62924	-0.693922	-0.0197328	9.80623	Al
35.9845	-21.1369	4.61178	0.62924	-0.693922	-0.0197328	9.75532	Al
53.3323	-40.268	4.06776	0.62924	-0.693922	-0.0197328	9.63241	Al
56.1759	-43.4039	3.97859	0.62924	-0.693922	-0.0197328	9.61207	Al
57.5512	-44.9205	3.93546	0.374831	-0.301222	-0.602252	9.60221	Al
57.8783	-45.1834	3.40987	0.463878	-0.173604	-0.600565	9.59828	Al
58.0223	-45.2373	3.22336	0.463878	-0.173604	-0.600565	9.59687	Al
82.4592	-54.3827	-28.4142	0.463878	-0.173604	-0.600565	9.35905	Al
-----------------------------------------------------------------	-----------------------------------------------------------------	
	Trajectory	10

BackScattered	Transmitted	Detected	Displayed	Nb Collisions	Max Depth	Mean Free Path	Mean dE/dS	Mean Phi	Mean Theta	Mean Position
no	no	no	yes	23	42.8601	0	-0.00452338	3.18501	0.0737217	(94.9089,-10.5682,24.821)	

X	Y	Z	Rx	Ry	Rz	Energy	Region
-1.17847	-2.13111	0	0.939693	0	0.34202	10	Al
-0.758627	-2.13111	0.152809	0.939693	0	0.34202	9.99805	Al
5.99828	-2.13111	2.61212	0.939693	0	0.34202	9.96659	Al
11.1212	-2.13111	4.47672	0.939693	0	0.34202	9.94268	Al
11.3555	-2.13111	4.56198	0.939693	0	0.34202	9.94159	Al
40.8906	-2.13111	15.3119	0.865712	0.214702	0.619823	9.80349	Al
42.1557	-1.81736	16.2177	0.902067	0.147599	0.5039	9.797	Al
43.1974	-1.64691	16.7995	0.927412	-0.0126099	0.378333	9.79186	Al
45.125	-1.67312	17.5859	0.927412	-0.0126099	0.378333	9.78263	Al
52.7672	-1.77703	20.7035	0.908124	0.189731	0.45589	9.74597	Al
56.589	-0.978578	22.6221	0.934591	-0.134041	0.125777	9.72719	Al
59.3958	-1.38114	22.9998	0.934591	-0.134041	0.125777	9.71377	Al
90.1426	-5.79091	27.1377	0.934591	-0.134041	0.125777	9.56662	Al
116.216	-9.53046	30.6467	0.934591	-0.134041	0.125777	9.44037	Al
132.927	-11.9272	32.8957	0.934591	-0.134041	0.125777	9.35862	Al
134.189	-12.1082	33.0655	0.934591	-0.134041	0.125777	9.3524	Al
134.896	-12.2096	33.1607	0.899228	-0.295051	0.129551	9.34892	Al
145.257	-15.6091	34.6534	0.899228	-0.295051	0.129551	9.29585	Al
149.732	-17.0773	35.298	0.899228	-0.295051	0.129551	9.27283	Al
161.577	-20.9639	37.0045	0.899228	-0.295051	0.129551	9.21178	Al
165.73	-22.3265	37.6028	0.899228	-0.295051	0.129551	9.19026	Al
183.375	-28.1161	40.1449	0.899228	-0.295051	0.129551	9.09869	Al
198.806	-33.1794	42.3681	0.899228	-0.295051	0.129551	9.01798	Al
202.221	-34.2999	42.8601	0.899228	-0.295051	0.129551	9	Al
-----------------------------------------------------------------	-----------------------------------------------------------------	
	Trajectory	11

BackScattered	Transmitted	Detected	Displayed	Nb Collisions	Max Depth	Mean Free Path	Mean dE/dS	Mean Phi	Mean Theta	Mean Position
no	no	no	yes	15	91.4406	0	-0.00458995	2.92034	0.0247217	(137.541,4.09688,59.7722)	

X	Y	Z	Rx	Ry	Rz	Energy	Region
-1.03826	1.58099	0	0.939693	0	0.34202	10	Al
9.57424	1.58099	3.86263	0.939693	0	0.34202	9.9506	Al
44.4465	1.58099	16.5551	0.939693	0	0.34202	9.78766	Al
78.3153	1.58099	28.8823	0.929427	-0.00325768	0.476767	9.62738	Al
100.823	1.5021	40.4279	0.929427	-0.00325768	0.476767	9.51832	Al
128.624	1.40465	54.6893	0.929427	-0.00325768	0.476767	9.38243	Al
132.723	1.39029	56.7916	0.929427	-0.00325768	0.476767	9.36217	Al
138.17	1.37119	59.5858	0.929427	-0.00325768	0.476767	9.33521	Al
149.93	1.32997	65.6185	0.929427	-0.00325768	0.476767	9.27686	Al
155.122	1.31178	68.2817	0.911792	0.18985	0.431874	9.25097	Al
171.463	4.71434	76.0219	0.911792	0.18985	0.431874	9.16775	Al
176.554	5.77435	78.4332	0.911792	0.18985	0.431874	9.14165	Al
183.128	7.1432	81.5471	0.911792	0.18985	0.431874	9.10786	Al
187.624	8.0793	83.6766	0.911792	0.18985	0.431874	9.08469	Al
202.597	11.1968	90.7683	0.911792	0.18985	0.431874	9.00738	Al
204.016	11.4923	91.4406	0.911792	0.18985	0.431874	9	Al
-----------------------------------------------------------------	-----------------------------------------------------------------	
	Trajectory	12

BackScattered	Transmitted	Detected	Displayed	Nb Collisions	Max Depth	Mean Free Path	Mean dE/dS	Mean Phi	Mean Theta	Mean Position
no	no	no	yes	24	68.968	0	-0.00455208	2.61794	0.0245171	(112.532,-7.72276,34.9237)	

X	Y	Z	Rx	Ry	Rz	Energy	Region
0.00506109	0.76665	0	0.939693	0	0.34202	10	Al
12.0108	0.76665	4.36972	0.939693	0	0.34202	9.94412	Al
28.6292	0.76665	10.4183	0.928414	-0.109178	0.235231	9.86643	Al
30.7752	0.514293	10.9621	0.928414	-0.109178	0.235231	9.85621	Al
53.0648	-2.10688	16.6095	0.928414	-0.109178	0.235231	9.75002	Al
54.3763	-2.2611	16.9418	0.928414	-0.109178	0.235231	9.74372	Al
69.3578	-4.02287	20.7377	0.928414	-0.109178	0.235231	9.67172	Al
69.5682	-4.04761	20.791	0.928414	-0.109178	0.235231	9.6707	Al
79.1929	-5.17943	23.2296	0.928414	-0.109178	0.235231	9.62417	Al
89.1779	-6.35363	25.7595	0.928414	-0.109178	0.235231	9.57572	Al
96.6927	-7.23733	27.6635	0.928414	-0.109178	0.235231	9.53912	Al
101.485	-7.80094	28.8778	0.928414	-0.109178	0.235231	9.51571	Al
110.724	-8.88733	31.2185	0.928414	-0.109178	0.235231	9.47049	Al
125.616	-10.6386	34.9918	0.928414	-0.109178	0.235231	9.39733	Al
127.626	-10.8749	35.501	0.929274	-0.0524499	0.468484	9.3874	Al
138.55	-11.4915	41.0081	0.929274	-0.0524499	0.468484	9.33342	Al
140.48	-11.6005	41.9813	0.929274	-0.0524499	0.468484	9.32384	Al
143.123	-11.7496	43.3135	0.929274	-0.0524499	0.468484	9.31072	Al
155.038	-12.4222	49.3207	0.929274	-0.0524499	0.468484	9.25147	Al
157.702	-12.5725	50.6637	0.918881	0.0335717	0.359456	9.23816	Al
173.308	-12.0024	56.7685	0.918881	0.0335717	0.359456	9.15922	Al
178.568	-11.8102	58.826	0.918881	0.0335717	0.359456	9.13243	Al
180.35	-11.7451	59.5232	0.918881	0.0335717	0.359456	9.12334	Al
180.866	-11.7262	59.7249	0.918881	0.0335717	0.359456	9.1207	Al
204.494	-10.863	68.968	0.918881	0.0335717	0.359456	9	Al
-----------------------------------------------------------------	-----------------------------------------------------------------	
	Trajectory	13

BackScattered	Transmitted	Detected	Displayed	Nb Collisions	Max Depth	Mean Free Path	Mean dE/dS	Mean Phi	Mean Theta	Mean Position
no	no	no	yes	20	49.0409	0	-0.00455441	3.69879	0.0301341	(115.087,3.32034,36.4609)	

X	Y	Z	Rx	Ry	Rz	Energy	Region
-0.11605	-3.21151	0	0.939693	0	0.34202	10	Al
34.5202	-3.21151	12.6066	0.939693	0	0.34202	9.83878	Al
37.0267	-3.21151	13.5188	0.939693	0	0.34202	9.82696	Al
53.0013	-3.21151	19.3331	0.939693	0	0.34202	9.7516	Al
59.5074	-3.21151	21.7012	0.939693	0	0.34202	9.72072	Al
66.7161	-3.21151	24.3249	0.939693	0	0.34202	9.68643	Al
76.9161	-3.21151	28.0374	0.939693	0	0.34202	9.63777	Al
80.1629	-3.21151	29.2192	0.939693	0	0.34202	9.62223	Al
86.9927	-3.21151	31.705	0.939693	0	0.34202	9.58948	Al
93.0331	-3.21151	33.9035	0.939693	0	0.34202	9.56044	Al
97.1169	-3.21151	35.3899	0.939693	0	0.34202	9.54077	Al
122.388	-3.21151	44.588	0.898886	0.194242	0.122936	9.41881	Al
129.644	-1.6436	45.5803	0.898886	0.194242	0.122936	9.38184	Al
143.712	1.39629	47.5042	0.898886	0.194242	0.122936	9.30995	Al
150.077	2.77167	48.3747	0.898886	0.194242	0.122936	9.27723	Al
152.763	3.35209	48.7421	0.836442	0.428618	0.00530576	9.26338	Al
162.731	8.4604	48.8053	0.836442	0.428618	0.00530576	9.2081	Al
173	13.7223	48.8705	0.836442	0.428618	0.00530576	9.15089	Al
182.812	18.7502	48.9327	0.836442	0.428618	0.00530576	9.09596	Al
199.75	27.43	49.0401	0.836442	0.428618	0.00530576	9.00071	Al
199.875	27.4941	49.0409	0.836442	0.428618	0.00530576	9	Al
-----------------------------------------------------------------	-----------------------------------------------------------------	
	Trajectory	14

BackScattered	Transmitted	Detected	Displayed	Nb Collisions	Max Depth	Mean Free Path	Mean dE/dS	Mean Phi	Mean Theta	Mean Position
no	no	no	yes	33	57.442	0	-0.00452865	2.89801	0.0437582	(95.5983,12.5684,29.1431)	

X	Y	Z	Rx	Ry	Rz	Energy	Region
0.363864	3.13195	0	0.939693	0	0.34202	10	Al
6.68903	3.13195	2.30217	0.939693	0	0.34202	9.97056	Al
8.6206	3.13195	3.00521	0.939693	0	0.34202	9.96155	Al
17.2041	3.13195	6.12933	0.927953	0.0252356	0.191583	9.92147	Al
20.1019	3.21075	6.72762	0.927953	0.0252356	0.191583	9.90773	Al
28.1239	3.42891	8.3838	0.927953	0.0252356	0.191583	9.86965	Al
28.9558	3.45153	8.55557	0.927953	0.0252356	0.191583	9.86569	Al
32.9046	3.55892	9.37083	0.913734	-0.0736167	0.317074	9.84688	Al
36.8443	3.24152	10.7379	0.911382	0.132217	0.317731	9.82779	Al
48.4425	4.9241	14.7814	0.911382	0.132217	0.317731	9.77138	Al
54.1501	5.75212	16.7712	0.911382	0.132217	0.317731	9.7435	Al
55.7994	5.99138	17.3461	0.911382	0.132217	0.317731	9.73542	Al
64.9664	7.32127	20.542	0.911382	0.132217	0.317731	9.69051	Al
72.6349	8.43377	23.2155	0.911382	0.132217	0.317731	9.65281	Al
85.2647	10.266	27.6185	0.911382	0.132217	0.317731	9.59052	Al
86.0446	10.3791	27.8904	0.911382	0.132217	0.317731	9.58666	Al
92.543	11.3219	30.1559	0.911382	0.132217	0.317731	9.55444	Al
93.3162	11.4341	30.4255	0.911382	0.132217	0.317731	9.5506	Al
106.228	13.3072	34.9269	0.911382	0.132217	0.317731	9.4864	Al
106.799	13.3901	35.1259	0.923432	0.117107	0.171085	9.48355	Al
107.456	13.4734	35.2476	0.923432	0.117107	0.171085	9.48031	Al
120.225	15.0927	37.6134	0.923432	0.117107	0.171085	9.41729	Al
122.828	15.4228	38.0957	0.923432	0.117107	0.171085	9.40438	Al
124.534	15.6392	38.4118	0.923432	0.117107	0.171085	9.39591	Al
128.42	16.132	39.1317	0.900323	0.25921	0.124222	9.3766	Al
137.837	18.8431	40.431	0.799138	0.354663	0.299952	9.32853	Al
137.903	18.8726	40.4559	0.799138	0.354663	0.299952	9.32815	Al
147.417	23.095	44.027	0.905513	0.0494325	0.229297	9.27322	Al
164.526	24.029	48.3593	0.905513	0.0494325	0.229297	9.18565	Al
164.967	24.0531	48.471	0.905513	0.0494325	0.229297	9.18337	Al
165.273	24.0698	48.5485	0.905513	0.0494325	0.229297	9.18179	Al
187.026	25.2573	54.0568	0.905513	0.0494325	0.229297	9.0696	Al
200.302	25.982	57.4187	0.905513	0.0494325	0.229297	9.00048	Al
200.395	25.9871	57.442	0.905513	0.0494325	0.229297	9	Al
-----------------------------------------------------------------	-----------------------------------------------------------------	
	Trajectory	15

BackScattered	Transmitted	Detected	Displayed	Nb Collisions	Max Depth	Mean Free Path	Mean dE/dS	Mean Phi	Mean Theta	Mean Position
no	no	no	yes	33	82.9763	0	-0.00454861	3.76202	0.040011	(104.221,-19.544,47.1021)	

X	Y	Z	Rx	Ry	Rz	Energy	Region
0.170841	3.29777	0	0.939693	0	0.34202	10	Al
4.58837	3.29777	1.60785	0.939693	0	0.34202	9.97944	Al
9.65465	3.29777	3.45183	0.939693	0	0.34202	9.95582	Al
13.6447	3.29777	4.90407	0.939693	0	0.34202	9.93718	Al
18.7081	3.29777	6.747	0.917471	-0.181247	0.444667	9.9135	Al
30.182	1.03109	12.308	0.877863	-0.328706	0.443737	9.85843	Al
30.2635	1.00056	12.3492	0.877863	-0.328706	0.443737	9.85802	Al
40.6755	-2.89811	17.6122	0.877863	-0.328706	0.443737	9.80557	Al
44.0457	-4.16002	19.3158	0.877863	-0.328706	0.443737	9.78852	Al
51.0587	-6.78598	22.8607	0.877863	-0.328706	0.443737	9.753	Al
61.291	-10.6173	28.0328	0.933644	-0.238891	0.56555	9.70102	Al
65.6635	-11.7361	30.6814	0.933644	-0.238891	0.56555	9.68005	Al
88.4266	-17.5605	44.4701	0.933644	-0.238891	0.56555	9.57071	Al
89.5213	-17.8406	45.1332	0.859612	-0.231542	0.319171	9.56541	Al
95.1863	-19.3665	47.2366	0.859612	-0.231542	0.319171	9.53558	Al
97.6684	-20.0351	48.1582	0.859612	-0.231542	0.319171	9.52248	Al
100.808	-20.8807	49.3239	0.859612	-0.231542	0.319171	9.50589	Al
105.449	-22.131	51.0473	0.859612	-0.231542	0.319171	9.48134	Al
112.118	-23.9271	53.5232	0.859612	-0.231542	0.319171	9.44599	Al
112.785	-24.1067	53.7708	0.859612	-0.231542	0.319171	9.44244	Al
132.917	-29.5297	61.2461	0.859612	-0.231542	0.319171	9.33538	Al
136.576	-30.5151	62.6044	0.895731	-0.0684743	0.336357	9.31576	Al
138.923	-30.6945	63.4857	0.895731	-0.0684743	0.336357	9.30366	Al
143.003	-31.0064	65.0179	0.895731	-0.0684743	0.336357	9.2826	Al
144.472	-31.1187	65.5694	0.895731	-0.0684743	0.336357	9.275	Al
154.68	-31.8991	69.4029	0.895731	-0.0684743	0.336357	9.22219	Al
161.995	-32.4582	72.1495	0.861169	-0.24517	0.267378	9.18418	Al
162.924	-32.7227	72.4379	0.896221	-0.0927219	0.276229	9.17914	Al
163.238	-32.7552	72.5347	0.896221	-0.0927219	0.276229	9.17751	Al
176.297	-34.1063	76.5599	0.896221	-0.0927219	0.276229	9.10943	Al
184.315	-34.9358	79.0309	0.896221	-0.0927219	0.276229	9.0674	Al
184.843	-34.9905	79.1939	0.896221	-0.0927219	0.276229	9.06462	Al
186.247	-35.1357	79.6265	0.896221	-0.0927219	0.276229	9.05723	Al
197.116	-36.2601	82.9763	0.896221	-0.0927219	0.276229	9	Al
-----------------------------------------------------------------	-----------------------------------------------------------------	
	Trajectory	16

BackScattered	Transmitted	Detected	Displayed	Nb Collisions	Max Depth	Mean Free Path	Mean dE/dS	Mean Phi	Mean Theta	Mean Position
no	no	no	yes	17	65.296	0	-0.00455307	3.44385	0.0388237	(115.879,-5.04432,40.6355)	

X	Y	Z	Rx	Ry	Rz	Energy	Region
0.432045	2.10606	0	0.939693	0	0.34202	10	Al
11.5728	2.10606	4.05489	0.939693	0	0.34202	9.94814	Al
16.44	2.10606	5.82641	0.939693	0	0.34202	9.9254	Al
19.0732	2.10606	6.78481	0.939693	0	0.34202	9.91307	Al
29.9466	2.10606	10.7424	0.939693	0	0.34202	9.86211	Al
78.0272	2.10606	28.2423	0.939693	0	0.34202	9.63591	Al
81.4403	2.10606	29.4846	0.939693	0	0.34202	9.61956	Al
103.815	2.10606	37.6284	0.925247	-0.166686	0.385815	9.51226	Al
116.436	-0.167651	42.8912	0.925247	-0.166686	0.385815	9.45026	Al
132.491	-3.05998	49.5859	0.925247	-0.166686	0.385815	9.37099	Al
133.608	-3.26116	50.0515	0.925247	-0.166686	0.385815	9.36544	Al
142.331	-4.83269	53.689	0.892411	-0.162364	0.240504	9.32207	Al
155.847	-7.29178	57.3316	0.892411	-0.162364	0.240504	9.25216	Al
158.501	-7.77458	58.0467	0.849508	-0.237813	0.122908	9.23835	Al
192.616	-17.3247	62.9825	0.849508	-0.237813	0.122908	9.05168	Al
195.223	-18.0547	63.3598	0.883756	-0.190741	0.24626	9.03719	Al
200.41	-19.1741	64.805	0.883756	-0.190741	0.24626	9.00945	Al
202.172	-19.5544	65.296	0.883756	-0.190741	0.24626	9	Al
-----------------------------------------------------------------	-----------------------------------------------------------------	
	Trajectory	17

BackScattered	Transmitted	Detected	Displayed	Nb Collisions	Max Depth	Mean Free Path	Mean dE/dS	Mean Phi	Mean Theta	Mean Position
no	no	no	yes	18	146.647	0	-0.00455105	2.45568	0.0515282	(111.525,-7.2825,69.9758)	

X	Y	Z	Rx	Ry	Rz	Energy	Region
-1.00003	-0.0483855	0	0.939693	0	0.34202	10	Al
0.875613	-0.0483855	0.682676	0.939693	0	0.34202	9.99127	Al
27.11	-0.0483855	10.2312	0.939693	0	0.34202	9.86907	Al
39.6621	-0.0483855	14.7998	0.939693	0	0.34202	9.81005	Al
48.3937	-0.0483855	17.9778	0.939693	0	0.34202	9.7688	Al
59.9968	-0.0483855	22.201	0.905233	-0.082224	0.569488	9.71381	Al
63.1223	-0.332279	24.1673	0.892769	-0.130247	0.759725	9.69837	Al
90.9246	-4.38838	47.8264	0.892769	-0.130247	0.759725	9.55891	Al
101.612	-5.94762	56.9214	0.892769	-0.130247	0.759725	9.5047	Al
102.231	-6.03788	57.4479	0.892769	-0.130247	0.759725	9.50155	Al
112.862	-7.58891	66.495	0.892769	-0.130247	0.759725	9.44737	Al
116.198	-8.07551	69.3332	0.892769	-0.130247	0.759725	9.4303	Al
158.249	-14.2104	105.118	0.911817	0.000242311	0.903084	9.21478	Al
164.677	-14.2087	111.484	0.911817	0.000242311	0.903084	9.18195	Al
165.343	-14.2085	112.144	0.911817	0.000242311	0.903084	9.17853	Al
178.014	-14.2051	124.694	0.911817	0.000242311	0.903084	9.11362	Al
184.082	-14.2035	130.703	0.911817	0.000242311	0.903084	9.08236	Al
194.165	-14.2009	140.69	0.900562	0.15078	0.930261	9.03029	Al
199.932	-13.2354	146.647	0.900562	0.15078	0.930261	9	Al
-----------------------------------------------------------------	-----------------------------------------------------------------	
	Trajectory	18

BackScattered	Transmitted	Detected	Displayed	Nb Collisions	Max Depth	Mean Free Path	Mean dE/dS	Mean Phi	Mean Theta	Mean Position
no	no	no	yes	28	121.87	0	-0.00455651	3.23765	0.0511752	(99.9998,24.5976,58.6122)	

X	Y	Z	Rx	Ry	Rz	Energy	Region
0.933149	-1.00036	0	0.939693	0	0.34202	10	Al
10.2762	-1.00036	3.40059	0.939693	0	0.34202	9.95651	Al
18.7851	-1.00036	6.49756	0.939693	0	0.34202	9.91677	Al
22.7697	-1.00036	7.94784	0.939693	0	0.34202	9.8981	Al
35.4069	-1.00036	12.5474	0.939693	0	0.34202	9.83881	Al
40.9529	-1.00036	14.566	0.939693	0	0.34202	9.81267	Al
47.4463	-1.00036	16.9294	0.939693	0	0.34202	9.78201	Al
59.9736	-1.00036	21.489	0.905244	0.208136	0.488552	9.7227	Al
65.4425	0.257071	24.4405	0.905244	0.208136	0.488552	9.6957	Al
67.3494	0.695517	25.4696	0.905244	0.208136	0.488552	9.68626	Al
71.7296	1.70262	27.8336	0.905244	0.208136	0.488552	9.66457	Al
75.563	2.584	29.9024	0.820467	0.462746	0.436186	9.64556	Al
75.6667	2.64249	29.9576	0.820467	0.462746	0.436186	9.64499	Al
103.594	18.3938	44.8048	0.688357	0.483872	0.602601	9.49191	Al
108.719	21.9962	49.2912	0.554558	0.354146	0.817353	9.45801	Al
109.54	22.5203	50.5007	0.554558	0.354146	0.817353	9.45125	Al
111.965	24.0689	54.0747	0.554558	0.354146	0.817353	9.43128	Al
122.396	30.7302	69.4487	0.554558	0.354146	0.817353	9.34522	Al
130.506	35.9091	81.4015	0.57608	0.465192	0.681724	9.27784	Al
133.39	38.2381	84.8146	0.57608	0.465192	0.681724	9.25465	Al
139.763	43.385	92.3571	0.57608	0.465192	0.681724	9.20329	Al
142.182	45.3381	95.2194	0.57608	0.465192	0.681724	9.18372	Al
148.219	50.2131	102.364	0.57608	0.465192	0.681724	9.13478	Al
150.491	52.0478	105.052	0.57608	0.465192	0.681724	9.11629	Al
157.999	58.1106	113.937	0.57608	0.465192	0.681724	9.05509	Al
158.65	58.6364	114.708	0.57608	0.465192	0.681724	9.04975	Al
161.892	61.2545	118.544	0.57608	0.465192	0.681724	9.02318	Al
164.619	63.4564	121.771	0.524842	0.595714	0.604851	9.00078	Al
164.705	63.5539	121.87	0.524842	0.595714	0.604851	9	Al
-----------------------------------------------------------------	-----------------------------------------------------------------	
	Trajectory	19

BackScattered	Transmitted	Detected	Displayed	Nb Collisions	Max Depth	Mean Free Path	Mean dE/dS	Mean Phi	Mean Theta	Mean Position
no	no	no	yes	25	87.3585	0	-0.00457754	3.10303	0.0818825	(124.974,-12.6246,53.9032)	

X	Y	Z	Rx	Ry	Rz	Energy	Region
0.125394	-1.00289	0	0.939693	0	0.34202	10	Al
15.5729	-1.00289	5.62242	0.939693	0	0.34202	9.9281	Al
21.0737	-1.00289	7.62457	0.939693	0	0.34202	9.90235	Al
57.5857	-1.00289	20.9138	0.939693	0	0.34202	9.73111	Al
59.2213	-1.00289	21.5092	0.939693	0	0.34202	9.72333	Al
60.7666	-1.00289	22.0716	0.939693	0	0.34202	9.71598	Al
64.4821	-1.00289	23.4239	0.939693	0	0.34202	9.6983	Al
72.8666	-1.00289	26.4756	0.842734	-0.385141	0.511276	9.65834	Al
75.222	-2.07933	27.9046	0.842734	-0.385141	0.511276	9.64578	Al
79.122	-3.86169	30.2707	0.925617	-0.164784	0.529265	9.62497	Al
87.5785	-5.36717	35.1061	0.925617	-0.164784	0.529265	9.58382	Al
120.52	-11.2316	53.9417	0.925617	-0.164784	0.529265	9.42299	Al
121.775	-11.455	54.6593	0.925617	-0.164784	0.529265	9.41678	Al
137.971	-14.3384	63.9203	0.882028	-0.198806	0.366157	9.33663	Al
140.017	-14.7996	64.7698	0.882028	-0.198806	0.366157	9.32593	Al
166.731	-20.8207	75.8593	0.918014	-0.0251996	0.42435	9.18617	Al
167.64	-20.8457	76.2798	0.918014	-0.0251996	0.42435	9.18154	Al
170.543	-20.9253	77.6215	0.918014	-0.0251996	0.42435	9.16677	Al
170.632	-20.9278	77.6629	0.894142	-0.0899264	0.247409	9.16632	Al
175.185	-21.3857	78.9226	0.894142	-0.0899264	0.247409	9.14251	Al
188.544	-22.7293	82.6192	0.835153	-0.283797	0.109746	9.0725	Al
190.74	-23.4754	82.9077	0.835153	-0.283797	0.109746	9.06011	Al
191.919	-23.8759	83.0626	0.933896	0.0833242	0.379661	9.05345	Al
192.484	-23.8255	83.2923	0.933896	0.0833242	0.379661	9.0506	Al
193.684	-23.7183	83.7804	0.933896	0.0833242	0.379661	9.04452	Al
202.486	-22.9331	87.3585	0.933896	0.0833242	0.379661	9	Al
-----------------------------------------------------------------	-----------------------------------------------------------------	
	Trajectory	20

BackScattered	Transmitted	Detected	Displayed	Nb Collisions	Max Depth	Mean Free Path	Mean dE/dS	Mean Phi	Mean Theta	Mean Position
no	no	no	yes	22	33.8781	0	-0.00453082	2.83587	0.0599359	(99.22,1.45126,22.5406)	

X	Y	Z	Rx	Ry	Rz	Energy	Region
-1.25503	0.645345	0	0.939693	0	0.34202	10	Al
2.98953	0.645345	1.54489	0.939693	0	0.34202	9.98024	Al
4.86163	0.645345	2.22628	0.939693	0	0.34202	9.97152	Al
6.63917	0.645345	2.87325	0.939693	0	0.34202	9.96322	Al
24.2301	0.645345	9.27582	0.939693	0	0.34202	9.88111	Al
26.6366	0.645345	10.1517	0.927158	-0.129797	0.245137	9.8698	Al
46.186	-2.09146	15.3205	0.927158	-0.129797	0.245137	9.77664	Al
57.472	-3.67145	18.3045	0.927158	-0.129797	0.245137	9.72246	Al
60.0696	-4.03509	18.9913	0.927158	-0.129797	0.245137	9.70994	Al
69.5517	-5.36253	21.4983	0.927158	-0.129797	0.245137	9.66418	Al
74.8483	-6.10403	22.8987	0.916344	0.218001	0.216495	9.63853	Al
99.8825	-0.14834	28.8133	0.916344	0.218001	0.216495	9.5156	Al
102.088	0.376407	29.3344	0.953325	-0.0368569	0.168378	9.50467	Al
108.013	0.147362	30.3808	0.953325	-0.0368569	0.168378	9.4764	Al
119.524	-0.297688	32.4139	0.9387	0.030117	0.0299873	9.42136	Al
121.536	-0.233149	32.4782	0.9387	0.030117	0.0299873	9.41154	Al
141.159	0.396437	33.1051	0.9387	0.030117	0.0299873	9.31575	Al
165.358	1.17284	33.8781	0.886378	0.30269	-0.120446	9.19668	Al
167.238	1.81472	33.6227	0.886378	0.30269	-0.120446	9.18679	Al
178.47	5.65043	32.0964	0.886378	0.30269	-0.120446	9.12763	Al
201.346	13.4624	28.9879	0.886378	0.30269	-0.120446	9.00656	Al
202.168	13.7432	28.8761	0.886378	0.30269	-0.120446	9.00216	Al
202.572	13.881	28.8213	0.886378	0.30269	-0.120446	9	Al
-----------------------------------------------------------------	-----------------------------------------------------------------	
	Trajectory	21

BackScattered	Transmitted	Detected	Displayed	Nb Collisions	Max Depth	Mean Free Path	Mean dE/dS	Mean Phi	Mean Theta	Mean Position
no	no	no	yes	23	96.1542	0	-0.00452686	2.90861	0.0734679	(93.3073,-25.3577,45.3581)	

X	Y	Z	Rx	Ry	Rz	Energy	Region
0.244562	1.02425	0	0.939693	0	0.34202	10	Al
13.2299	1.02425	4.72628	0.939693	0	0.34202	9.93956	Al
14.0904	1.02425	5.03946	0.939693	0	0.34202	9.93553	Al
20.0404	1.02425	7.2051	0.939693	0	0.34202	9.9077	Al
31.7181	1.02425	11.4554	0.929581	-0.138434	0.382822	9.85295	Al
33.9883	0.686174	12.3904	0.902137	-0.288001	0.531493	9.84215	Al
52.9683	-5.37305	23.5724	0.902137	-0.288001	0.531493	9.74899	Al
59.2086	-7.36522	27.2488	0.902137	-0.288001	0.531493	9.71814	Al
74.1577	-12.1376	36.0561	0.902137	-0.288001	0.531493	9.64404	Al
80.4679	-14.1521	39.7737	0.799236	-0.425388	0.361019	9.61258	Al
86.5464	-17.3873	42.5194	0.799236	-0.425388	0.361019	9.57829	Al
92.6206	-20.6203	45.2631	0.799236	-0.425388	0.361019	9.54393	Al
93.2077	-20.9328	45.5284	0.799236	-0.425388	0.361019	9.5406	Al
101.3	-25.2397	49.1835	0.799236	-0.425388	0.361019	9.49468	Al
105.884	-27.6796	51.2543	0.799236	-0.425388	0.361019	9.46858	Al
107.791	-28.6944	52.1155	0.799236	-0.425388	0.361019	9.45769	Al
113.526	-31.7472	54.7063	0.683406	-0.602286	0.358464	9.42493	Al
128.093	-44.585	62.3471	0.807621	-0.484081	0.582435	9.32736	Al
128.259	-44.6843	62.4666	0.849557	-0.3758	0.531007	9.32641	Al
136.896	-48.5048	67.865	0.849557	-0.3758	0.531007	9.2795	Al
152.532	-55.4215	77.6382	0.849557	-0.3758	0.531007	9.19424	Al
152.626	-55.4633	77.6973	0.884885	-0.210655	0.456372	9.19372	Al
178.476	-61.617	91.0291	0.81886	-0.393463	0.421179	9.05743	Al
188.44	-66.4049	96.1542	0.81886	-0.393463	0.421179	9	Al
-----------------------------------------------------------------	-----------------------------------------------------------------	
	Trajectory	22

BackScattered	Transmitted	Detected	Displayed	Nb Collisions	Max Depth	Mean Free Path	Mean dE/dS	Mean Phi	Mean Theta	Mean Position
no	no	no	yes	24	90.3247	0	-0.00451806	3.29358	0.0806302	(77.9521,-26.2809,44.7076)	

X	Y	Z	Rx	Ry	Rz	Energy	Region
0.881355	2.4684	0	0.939693	0	0.34202	10	Al
7.72201	2.4684	2.48979	0.939693	0	0.34202	9.96816	Al
10.1339	2.4684	3.36765	0.901011	0.281961	0.359562	9.9569	Al
14.156	3.72708	4.97274	0.901011	0.281961	0.359562	9.93731	Al
21.5806	6.05053	7.93565	0.901011	0.281961	0.359562	9.90109	Al
22.7802	6.42594	8.41437	0.901011	0.281961	0.359562	9.89523	Al
29.2003	8.43503	10.9764	0.901011	0.281961	0.359562	9.86381	Al
29.3375	8.47797	11.0312	0.901011	0.281961	0.359562	9.86313	Al
40.0347	11.8255	15.3	0.850948	-0.325212	0.45362	9.81065	Al
50.7809	7.7186	21.0286	0.850948	-0.325212	0.45362	9.75459	Al
51.7378	7.35289	21.5387	0.75858	-0.523752	0.480794	9.74958	Al
62.1264	0.180261	28.123	0.739521	-0.573055	0.597299	9.6885	Al
68.176	-4.50755	33.0092	0.739521	-0.573055	0.597299	9.65184	Al
89.1172	-20.7349	49.9231	0.739521	-0.573055	0.597299	9.52455	Al
91.6845	-22.7243	51.9967	0.739521	-0.573055	0.597299	9.50879	Al
103.448	-31.8401	61.498	0.739521	-0.573055	0.597299	9.43647	Al
123.484	-47.3655	77.6803	0.558759	-0.705926	0.356858	9.31256	Al
123.704	-47.6444	77.8213	0.300118	-0.85653	0.187826	9.31074	Al
123.774	-47.8437	77.865	0.300118	-0.85653	0.187826	9.30966	Al
126.16	-54.6527	79.3581	0.300118	-0.85653	0.187826	9.27293	Al
129.045	-62.8858	81.1636	0.300118	-0.85653	0.187826	9.22838	Al
133.391	-75.2895	83.8835	0.300118	-0.85653	0.187826	9.16101	Al
134.584	-78.6954	84.6304	0.300118	-0.85653	0.187826	9.14241	Al
141.007	-97.0259	88.65	0.300118	-0.85653	0.187826	9.04213	Al
143.683	-104.663	90.3247	0.300118	-0.85653	0.187826	9	Al
-----------------------------------------------------------------	-----------------------------------------------------------------	
	Trajectory	23

BackScattered	Transmitted	Detected	Displayed	Nb Collisions	Max Depth	Mean Free Path	Mean dE/dS	Mean Phi	Mean Theta	Mean Position
no	no	no	yes	17	57.1374	0	-0.00454293	3.12678	0.0671396	(106.253,22.1234,35.1939)	

X	Y	Z	Rx	Ry	Rz	Energy	Region
0.755806	-1.55145	0	0.939693	0	0.34202	10	Al
28.4959	-1.55145	10.0966	0.939693	0	0.34202	9.87088	Al
34.3553	-1.55145	12.2292	0.939693	0	0.34202	9.84333	Al
43.7351	-1.55145	15.6432	0.927818	-0.153998	0.302554	9.79913	Al
60.6808	-4.36407	21.169	0.927818	-0.153998	0.302554	9.71799	Al
71.0242	-6.08086	24.5419	0.927818	-0.153998	0.302554	9.66814	Al
77.2483	-7.11394	26.5716	0.816672	0.537303	0.323007	9.63803	Al
78.2377	-6.46299	26.9629	0.816672	0.537303	0.323007	9.63258	Al
85.9694	-1.3762	30.0209	0.816672	0.537303	0.323007	9.58996	Al
110.027	14.452	39.5362	0.798423	0.65544	0.178611	9.45689	Al
123.227	25.2875	42.489	0.798423	0.65544	0.178611	9.38141	Al
124.215	26.099	42.7101	0.798423	0.65544	0.178611	9.37572	Al
140.456	39.4314	46.3433	0.798423	0.65544	0.178611	9.28224	Al
152.595	49.3964	49.0588	0.798423	0.65544	0.178611	9.21182	Al
156.568	52.6577	49.9475	0.798423	0.65544	0.178611	9.18864	Al
156.934	52.9586	50.0295	0.798423	0.65544	0.178611	9.1865	Al
173.826	66.8253	53.8083	0.798423	0.65544	0.178611	9.08774	Al
188.708	79.042	57.1374	0.798423	0.65544	0.178611	9	Al
-----------------------------------------------------------------	-----------------------------------------------------------------	
	Trajectory	24

BackScattered	Transmitted	Detected	Displayed	Nb Collisions	Max Depth	Mean Free Path	Mean dE/dS	Mean Phi	Mean Theta	Mean Position
no	no	no	yes	22	162.72	0	-0.00452899	3.05388	0.059969	(98.6747,-6.99028,68.0565)	

X	Y	Z	Rx	Ry	Rz	Energy	Region
-0.142855	0.459162	0	0.939693	0	0.34202	10	Al
10.1901	0.459162	3.76089	0.939693	0	0.34202	9.9519	Al
23.9864	0.459162	8.78232	0.939693	0	0.34202	9.88745	Al
25.9009	0.459162	9.47916	0.930151	-0.096425	0.436685	9.87846	Al
27.3864	0.305169	10.1766	0.930151	-0.096425	0.436685	9.8714	Al
35.2867	-0.513821	13.8856	0.93947	-0.0191756	0.559004	9.83388	Al
46.639	-0.745535	20.6404	0.93947	-0.0191756	0.559004	9.78034	Al
48.4619	-0.782742	21.7251	0.929542	-0.00869391	0.708495	9.77171	Al
53.2154	-0.827201	25.3482	0.929542	-0.00869391	0.708495	9.74894	Al
64.9439	-0.936897	34.2877	0.929542	-0.00869391	0.708495	9.69266	Al
75.0319	-1.03125	41.9767	0.929542	-0.00869391	0.708495	9.64404	Al
93.5918	-1.20484	56.123	0.897987	-0.165313	0.875459	9.55423	Al
98.0497	-2.02551	60.4691	0.897987	-0.165313	0.875459	9.53175	Al
109.82	-4.19234	71.9441	0.897987	-0.165313	0.875459	9.47226	Al
117.469	-5.60055	79.4016	0.897987	-0.165313	0.875459	9.43342	Al
130.842	-8.06227	92.4382	0.897987	-0.165313	0.875459	9.3653	Al
138.313	-9.43776	99.7225	0.897987	-0.165313	0.875459	9.32702	Al
158.253	-13.1085	119.162	0.897987	-0.165313	0.875459	9.22456	Al
167.318	-14.7774	128	0.863693	-0.317299	0.985196	9.17758	Al
180.264	-19.5333	142.767	0.863693	-0.317299	0.985196	9.10756	Al
180.956	-19.7877	143.557	0.863693	-0.317299	0.985196	9.10379	Al
187.374	-22.1454	150.877	0.696621	-0.5895	0.810841	9.06886	Al
197.549	-30.7557	162.72	0.696621	-0.5895	0.810841	9	Al
-----------------------------------------------------------------	-----------------------------------------------------------------	
	Trajectory	25

BackScattered	Transmitted	Detected	Displayed	Nb Collisions	Max Depth	Mean Free Path	Mean dE/dS	Mean Phi	Mean Theta	Mean Position
no	no	no	yes	11	74.8198	0	-0.00457495	2.7115	0.0511662	(134.913,10.3741,50.48)	

X	Y	Z	Rx	Ry	Rz	Energy	Region
-0.2239	2.78561	0	0.939693	0	0.34202	10	Al
29.7736	2.78561	10.9182	0.939693	0	0.34202	9.86037	Al
34.9451	2.78561	12.8005	0.939693	0	0.34202	9.83603	Al
80.012	2.78561	29.2035	0.939693	0	0.34202	9.62357	Al
113.227	2.78561	41.2928	0.939693	0	0.34202	9.46434	Al
133.067	2.78561	48.5138	0.907817	0.229117	0.442386	9.368	Al
153.688	7.98995	58.5625	0.907817	0.229117	0.442386	9.26354	Al
169.439	11.9654	66.2385	0.907817	0.229117	0.442386	9.18305	Al
171.002	12.3598	66.9999	0.91139	0.32678	0.209596	9.17501	Al
191.946	19.8693	71.8165	0.91139	0.32678	0.209596	9.06763	Al
201.936	23.4512	74.114	0.91139	0.32678	0.209596	9.01595	Al
205.005	24.5517	74.8198	0.91139	0.32678	0.209596	9	Al
-----------------------------------------------------------------	-----------------------------------------------------------------	
	Trajectory	26

BackScattered	Transmitted	Detected	Displayed	Nb Collisions	Max Depth	Mean Free Path	Mean dE/dS	Mean Phi	Mean Theta	Mean Position
no	no	no	yes	18	12.124	0	-0.0045433	2.79749	0.0920528	(108.677,-1.09593,7.50805)	

X	Y	Z	Rx	Ry	Rz	Energy	Region
0.471195	2.16185	0	0.939693	0	0.34202	10	Al
3.28517	2.16185	1.0242	0.939693	0	0.34202	9.9869	Al
25.7492	2.16185	9.20043	0.915657	-0.0770487	0.134899	9.88223	Al
28.0729	1.96632	9.54277	0.902434	0.208818	0.136824	9.87103	Al
34.8687	3.53884	10.5731	0.902434	0.208818	0.136824	9.83776	Al
45.0976	5.90574	12.124	0.94827	0.0394903	-0.12576	9.78755	Al
46.1074	5.9478	11.9901	0.94827	0.0394903	-0.12576	9.78282	Al
59.4493	6.50341	10.2207	0.94827	0.0394903	-0.12576	9.72023	Al
100.192	8.20011	4.81738	0.94827	0.0394903	-0.12576	9.52815	Al
111.634	8.67662	3.2999	0.94827	0.0394903	-0.12576	9.47338	Al
115.44	8.83514	2.79508	0.94827	0.0394903	-0.12576	9.45507	Al
122.516	9.12979	1.85674	0.881559	-0.254682	0.107387	9.421	Al
137.428	4.82164	3.67328	0.881559	-0.254682	0.107387	9.34354	Al
162.642	-2.46279	6.74478	0.823054	-0.393518	0.0766729	9.21174	Al
184.197	-12.7686	8.75276	0.823054	-0.393518	0.0766729	9.08974	Al
190.087	-15.5847	9.30145	0.823054	-0.393518	0.0766729	9.05606	Al
194.151	-17.5277	9.68002	0.823054	-0.393518	0.0766729	9.03276	Al
195.96	-18.3926	9.84853	0.706721	-0.517881	-0.0315151	9.02236	Al
199.299	-20.8393	9.69963	0.706721	-0.517881	-0.0315151	9	Al
-----------------------------------------------------------------	-----------------------------------------------------------------	
	Trajectory	27

BackScattered	Transmitted	Detected	Displayed	Nb Collisions	Max Depth	Mean Free Path	Mean dE/dS	Mean Phi	Mean Theta	Mean Position
yes	no	no	yes	11	9.44392	0	-0.00442219	2.42703	0.117871	(37.8107,7.03687,4.43112)	

X	Y	Z	Rx	Ry	Rz	Energy	Region
1.74541	2.0371	0	0.939693	0	0.34202	10	Al
2.69436	2.0371	0.345389	0.939693	0	0.34202	9.99558	Al
7.63384	2.0371	2.14321	0.939693	0	0.34202	9.97258	Al
8.81964	2.0371	2.57481	0.916416	0.221059	0.340819	9.96705	Al
25.6837	6.10509	8.84664	0.916416	0.221059	0.340819	9.88635	Al
27.2897	6.49248	9.44392	0.924354	0.180815	-0.12838	9.87862	Al
38.7547	8.73516	7.85159	0.924354	0.180815	-0.12838	9.82386	Al
44.271	9.81424	7.08545	0.924354	0.180815	-0.12838	9.79739	Al
49.808	10.8973	6.31644	0.95537	-0.0582187	-0.205939	9.77078	Al
68.0673	9.78464	2.38046	0.921307	-0.0141683	-0.409692	9.68568	Al
69.2402	9.7666	1.85889	0.921307	-0.0141683	-0.409692	9.67997	Al
73.6554	9.6987	-0.104486	0.921307	-0.0141683	-0.409692	9.65848	Al
-----------------------------------------------------------------	-----------------------------------------------------------------	
	Trajectory	28

BackScattered	Transmitted	Detected	Displayed	Nb Collisions	Max Depth	Mean Free Path	Mean dE/dS	Mean Phi	Mean Theta	Mean Position
no	no	no	yes	19	69.9166	0	-0.00451157	3.44767	0.0869865	(86.3741,21.5769,32.8727)	

X	Y	Z	Rx	Ry	Rz	Energy	Region
1.42242	5.05874	0	0.939693	0	0.34202	10	Al
12.4098	5.05874	3.99909	0.939693	0	0.34202	9.94886	Al
23.7668	5.05874	8.1327	0.939693	0	0.34202	9.89578	Al
24.9268	5.05874	8.55489	0.939693	0	0.34202	9.89034	Al
30.0734	5.05874	10.4281	0.939693	0	0.34202	9.86618	Al
54.4438	5.05874	19.2982	0.912845	-0.0263708	0.110613	9.75156	Al
56.7567	4.99192	19.5785	0.904862	0.0939353	0.0385435	9.74026	Al
58.4504	5.16774	19.6506	0.904862	0.0939353	0.0385435	9.73191	Al
64.8711	5.83429	19.9241	0.809885	-0.0346728	0.375096	9.70021	Al
72.2514	5.51832	23.3423	0.770153	0.297773	0.501936	9.65941	Al
72.4913	5.61107	23.4986	0.735552	0.436148	0.422891	9.65801	Al
78.2283	9.01281	26.797	0.735552	0.436148	0.422891	9.62297	Al
85.8188	13.5136	31.161	0.735552	0.436148	0.422891	9.57648	Al
109.647	27.6426	44.8605	0.735552	0.436148	0.422891	9.42999	Al
125.848	37.2489	54.1748	0.735552	0.436148	0.422891	9.32921	Al
126.985	37.9231	54.8285	0.801437	0.473745	0.217947	9.32208	Al
138.353	44.6428	57.92	0.801437	0.473745	0.217947	9.2566	Al
145.255	48.723	59.797	0.801437	0.473745	0.217947	9.21663	Al
178.065	68.1177	68.7196	0.801437	0.473745	0.217947	9.02599	Al
182.466	70.7194	69.9166	0.801437	0.473745	0.217947	9	Al
-----------------------------------------------------------------	-----------------------------------------------------------------	
	Trajectory	29

BackScattered	Transmitted	Detected	Displayed	Nb Collisions	Max Depth	Mean Free Path	Mean dE/dS	Mean Phi	Mean Theta	Mean Position
yes	no	no	yes	10	12.6946	0	-0.00451322	3.44585	0.0601026	(93.8765,4.81569,6.6817)	

X	Y	Z	Rx	Ry	Rz	Energy	Region
-1.77025	-0.103752	0	0.939693	0	0.34202	10	Al
17.9631	-0.103752	7.18233	0.905686	0.0295844	0.0806801	9.90815	Al
24.0482	0.0950217	7.72441	0.905686	0.0295844	0.0806801	9.87855	Al
63.8712	1.39585	11.2719	0.905686	0.0295844	0.0806801	9.68441	Al
79.8416	1.91752	12.6946	0.877655	0.106818	-0.154472	9.60535	Al
95.4434	3.8164	9.94859	0.877655	0.106818	-0.154472	9.52515	Al
107.954	5.33908	7.74661	0.877655	0.106818	-0.154472	9.46042	Al
121.494	6.98701	5.36353	0.877655	0.106818	-0.154472	9.39001	Al
127.741	7.74726	4.26411	0.877655	0.106818	-0.154472	9.35733	Al
148.385	10.2598	0.630676	0.877655	0.106818	-0.154472	9.24907	Al
152.023	10.7027	-0.00973031	0.877655	0.106818	-0.154472	9.22981	Al
-----------------------------------------------------------------	-----------------------------------------------------------------	
	Trajectory	30

BackScattered	Transmitted	Detected	Displayed	Nb Collisions	Max Depth	Mean Free Path	Mean dE/dS	Mean Phi	Mean Theta	Mean Position
no	no	no	yes	18	34.3741	0	-0.00453137	2.95719	0.0314669	(103.909,-0.808449,23.9568)	

X	Y	Z	Rx	Ry	Rz	Energy	Region
0.204574	0.582719	0	0.939693	0	0.34202	10	Al
0.703718	0.582719	0.181674	0.939693	0	0.34202	9.99768	Al
15.2677	0.582719	5.48252	0.939693	0	0.34202	9.92987	Al
32.3646	0.582719	11.7053	0.929592	-0.0544636	0.210825	9.84986	Al
33.7667	0.500573	12.0233	0.929592	-0.0544636	0.210825	9.84318	Al
56.9135	-0.85557	17.2728	0.929592	-0.0544636	0.210825	9.73294	Al
61.4817	-1.12322	18.3088	0.929592	-0.0544636	0.210825	9.71099	Al
88.8653	-2.72758	24.5192	0.929592	-0.0544636	0.210825	9.5792	Al
89.4059	-2.75926	24.6418	0.92884	0.0934546	0.224063	9.57657	Al
89.435	-2.75633	24.6489	0.92884	0.0934546	0.224063	9.57643	Al
98.7629	-1.81782	26.899	0.92884	0.0934546	0.224063	9.53102	Al
118.959	0.214181	31.7708	0.92884	0.0934546	0.224063	9.43234	Al
120.303	0.349438	32.0951	0.933213	-0.0202313	0.024814	9.42572	Al
151.975	-0.337192	32.9373	0.933213	-0.0202313	0.024814	9.27037	Al
155.116	-0.405279	33.0208	0.933213	-0.0202313	0.024814	9.25477	Al
180.845	-0.963053	33.7049	0.933213	-0.0202313	0.024814	9.12679	Al
183.139	-1.0128	33.7659	0.933213	-0.0202313	0.024814	9.11525	Al
187.056	-1.09771	33.8701	0.933213	-0.0202313	0.024814	9.09554	Al
206.01	-1.50863	34.3741	0.933213	-0.0202313	0.024814	9	Al
-----------------------------------------------------------------	-----------------------------------------------------------------	
	Trajectory	31

BackScattered	Transmitted	Detected	Displayed	Nb Collisions	Max Depth	Mean Free Path	Mean dE/dS	Mean Phi	Mean Theta	Mean Position
no	no	no	yes	13	38.1113	0	-0.00449096	2.70225	0.0178988	(84.8473,-7.93089,16.1989)	

X	Y	Z	Rx	Ry	Rz	Energy	Region
1.31156	2.13353	0	0.939693	0	0.34202	10	Al
5.27186	2.13353	1.44143	0.939693	0	0.34202	9.98157	Al
6.72988	2.13353	1.97211	0.9181	-0.118116	0.167445	9.97477	Al
8.03151	1.96607	2.2095	0.9181	-0.118116	0.167445	9.96856	Al
22.1394	0.151065	4.78251	0.9181	-0.118116	0.167445	9.90118	Al
40.1299	-2.16346	8.06365	0.9181	-0.118116	0.167445	9.81481	Al
42.5811	-2.47881	8.5107	0.9181	-0.118116	0.167445	9.80296	Al
50.6762	-3.52027	9.9871	0.9181	-0.118116	0.167445	9.7638	Al
113.97	-11.6632	21.5308	0.9181	-0.118116	0.167445	9.45666	Al
131.661	-13.9392	24.7573	0.9181	-0.118116	0.167445	9.36868	Al
138.823	-14.8605	26.0634	0.9181	-0.118116	0.167445	9.33281	Al
139.818	-14.9886	26.2449	0.9181	-0.118116	0.167445	9.32781	Al
198.301	-22.5126	36.9112	0.9181	-0.118116	0.167445	9.03389	Al
204.882	-23.3591	38.1113	0.9181	-0.118116	0.167445	9	Al
-----------------------------------------------------------------	-----------------------------------------------------------------	
	Trajectory	32

BackScattered	Transmitted	Detected	Displayed	Nb Collisions	Max Depth	Mean Free Path	Mean dE/dS	Mean Phi	Mean Theta	Mean Position
no	no	no	yes	22	50.1629	0	-0.00454521	2.52121	0.081091	(106.659,-5.46955,31.8113)	

X	Y	Z	Rx	Ry	Rz	Energy	Region
0.934336	-0.01951	0	0.939693	0	0.34202	10	Al
16.9678	-0.01951	5.83572	0.939693	0	0.34202	9.92537	Al
21.081	-0.01951	7.33277	0.939693	0	0.34202	9.90611	Al
25.1761	-0.01951	8.82328	0.939693	0	0.34202	9.88691	Al
53.038	-0.01951	18.9642	0.939693	0	0.34202	9.75608	Al
56.064	-0.01951	20.0656	0.939693	0	0.34202	9.74173	Al
66.722	-0.01951	23.9448	0.939693	0	0.34202	9.69111	Al
72.4337	-0.01951	26.0236	0.939693	0	0.34202	9.66387	Al
75.0325	-0.01951	26.9695	0.939693	0	0.34202	9.65145	Al
86.2021	-0.01951	31.0349	0.939693	0	0.34202	9.59802	Al
110.012	-0.01951	39.701	0.939693	0	0.34202	9.48364	Al
113.127	-0.01951	40.8349	0.939693	0	0.34202	9.46854	Al
119.015	-0.01951	42.9779	0.939693	0	0.34202	9.43996	Al
127.226	-0.01951	45.9665	0.939693	0	0.34202	9.40001	Al
135.189	-0.01951	48.8647	0.939693	0	0.34202	9.36114	Al
138.756	-0.01951	50.1629	0.700421	-0.381753	-0.258628	9.34367	Al
149.654	-5.9591	46.139	0.700421	-0.381753	-0.258628	9.27198	Al
156.063	-9.45234	43.7724	0.700421	-0.381753	-0.258628	9.22956	Al
161.335	-12.3257	41.8258	0.700421	-0.381753	-0.258628	9.19455	Al
164.537	-14.0714	40.6432	0.606977	-0.55414	-0.214081	9.17322	Al
167.283	-16.578	39.6748	-0.0637644	-0.609978	-0.622023	9.15208	Al
166.369	-25.3215	30.7586	-0.0637644	-0.609978	-0.622023	9.08497	Al
165.218	-36.3295	19.5332	-0.0637644	-0.609978	-0.622023	9	Al
-----------------------------------------------------------------	-----------------------------------------------------------------	
	Trajectory	33

BackScattered	Transmitted	Detected	Displayed	Nb Collisions	Max Depth	Mean Free Path	Mean dE/dS	Mean Phi	Mean Theta	Mean Position
no	no	no	yes	21	64.9926	0	-0.00454445	3.85466	0.189445	(100.463,28.8266,36.9207)	

X	Y	Z	Rx	Ry	Rz	Energy	Region
-0.46469	1.59796	0	0.939693	0	0.34202	10	Al
1.61067	1.59796	0.755371	0.926639	0.135897	0.427019	9.99034	Al
7.5734	2.47243	3.50315	0.914535	0.249581	0.312191	9.96217	Al
7.90242	2.56222	3.61547	0.914535	0.249581	0.312191	9.96059	Al
18.8162	5.54063	7.34105	0.914535	0.249581	0.312191	9.90824	Al
53.6788	15.0548	19.242	0.914535	0.249581	0.312191	9.74031	Al
79.3709	22.0663	28.0124	0.914535	0.249581	0.312191	9.61492	Al
80.6775	22.4229	28.4584	0.914535	0.249581	0.312191	9.60848	Al
84.6708	23.5127	29.8216	0.914535	0.249581	0.312191	9.58878	Al
92.5888	25.6736	32.5245	0.914535	0.249581	0.312191	9.54967	Al
111.605	30.8632	39.0161	0.914535	0.249581	0.312191	9.45544	Al
116.382	32.1668	40.6466	0.914535	0.249581	0.312191	9.43159	Al
121.809	33.6478	42.4992	0.862825	0.202482	0.479036	9.40444	Al
130.776	35.7522	47.4779	0.862825	0.202482	0.479036	9.35679	Al
138.324	37.5235	51.6683	0.862825	0.202482	0.479036	9.31652	Al
145.71	39.2568	55.7691	0.862825	0.202482	0.479036	9.27698	Al
161.082	42.8641	64.3033	0.862825	0.202482	0.479036	9.19444	Al
162.323	43.1555	64.9926	-0.815462	-0.0615685	-0.664893	9.18772	Al
161.792	43.1154	64.5599	-0.815462	-0.0615685	-0.664893	9.18469	Al
158.432	42.8617	61.8197	-0.781013	0.323802	-0.634324	9.16544	Al
143.695	48.9712	49.8512	-0.781013	0.323802	-0.634324	9.07721	Al
130.896	54.2776	39.4561	-0.781013	0.323802	-0.634324	9	Al
-----------------------------------------------------------------	-----------------------------------------------------------------	
	Trajectory	34

BackScattered	Transmitted	Detected	Displayed	Nb Collisions	Max Depth	Mean Free Path	Mean dE/dS	Mean Phi	Mean Theta	Mean Position
no	no	no	yes	31	67.2756	0	-0.00456351	3.77511	0.122078	(111.029,11.4187,48.9777)	

X	Y	Z	Rx	Ry	Rz	Energy	Region
-0.550521	0.0921595	0	0.939693	0	0.34202	10	Al
0.0515538	0.0921595	0.219137	0.939693	0	0.34202	9.9972	Al
14.751	0.0921595	5.5693	0.898163	0.248976	0.47383	9.92876	Al
20.3523	1.64487	8.52429	0.898163	0.248976	0.47383	9.90133	Al
25.3564	3.03205	11.1642	0.898163	0.248976	0.47383	9.87677	Al
36.9641	6.24976	17.2879	0.898163	0.248976	0.47383	9.8197	Al
45.3581	8.57663	21.7162	0.898163	0.248976	0.47383	9.77825	Al
52.3674	10.5197	25.414	0.929584	0.0838145	0.469553	9.74352	Al
68.8721	12.0078	33.7509	0.898635	0.184968	0.571509	9.66429	Al
73.6346	12.988	36.7797	0.898635	0.184968	0.571509	9.64049	Al
86.3336	15.6019	44.8559	0.898635	0.184968	0.571509	9.57692	Al
90.7272	16.5063	47.6502	0.898635	0.184968	0.571509	9.55481	Al
104.171	19.2734	56.2001	0.930573	-0.136921	0.40325	9.48704	Al
108.097	18.6958	57.9013	0.930573	-0.136921	0.40325	9.46783	Al
109.704	18.4594	58.5977	0.930573	-0.136921	0.40325	9.45995	Al
113.743	17.8651	60.3478	0.930573	-0.136921	0.40325	9.44014	Al
114.284	17.7855	60.5822	0.930573	-0.136921	0.40325	9.43748	Al
128.591	15.6804	66.7822	0.817351	-0.0446474	0.00968931	9.36717	Al
147.133	14.6675	67.002	0.806374	-0.033483	0.196687	9.26284	Al
147.583	14.6488	67.1118	0.806374	-0.033483	0.196687	9.26025	Al
148.219	14.6224	67.2669	0.778992	-0.129265	0.0448571	9.25659	Al
148.37	14.5975	67.2756	0.762779	-0.0749038	-0.0610194	9.25569	Al
153.074	14.1355	66.8993	0.762779	-0.0749038	-0.0610194	9.22706	Al
154.04	14.0406	66.822	0.762779	-0.0749038	-0.0610194	9.22117	Al
156.1	13.8383	66.6572	0.745063	0.118314	-0.183268	9.2086	Al
157.856	14.1171	66.2254	0.745063	0.118314	-0.183268	9.19762	Al
161.389	14.6781	65.3564	0.745063	0.118314	-0.183268	9.17551	Al
164.8	15.2197	64.5174	0.725332	-0.418269	-0.246466	9.15411	Al
170.722	11.8046	62.505	0.725332	-0.418269	-0.246466	9.1159	Al
175.596	8.99405	60.8489	0.396683	-0.812251	-0.133624	9.08434	Al
180.775	-1.61137	59.1042	0.437115	-0.669133	-0.358359	9.02286	Al
182.887	-4.84368	57.3731	0.437115	-0.669133	-0.358359	9	Al
-----------------------------------------------------------------	-----------------------------------------------------------------	
	Trajectory	35

